61,35
3,2
3,1
3,3
10,124
10,306
10,166
10,104
10,132
10,196
10,94
10,172
11,22
9,7
9,4
9,6
9,2
9,3
8,9
8,8
8,17
8,6
8,11
8,2
8,3
48,4
48,3
48,2
48,1
48,0
47,3
47,2
47,1
47,0
46,3
46,2
46,1
46,0
45,5
45,4
45,3
45,2
45,1
45,0
44,4
44,3
44,2
44,1
44,0
42,5
42,4
42,3
42,2
42,1
42,0
39,5
39,4
39,3
39,2
39,1
39,0
37,5
37,4
37,3
37,2
37,1
37,0
35,5
35,4
35,3
35,2
35,1
25,3
25,1
20,3
20,2
20,1
19,3
19,2
19,1
12,3
12,2
12,1
11,29
11,28
11,27
11,26
11,24
11,23
11,21
11,20
11,19
11,18
11,17
11,16
11,15
18,1
11,14
18,3
11,13
11,12
11,11
11,10
11,9
11,8
14,1
11,7
14,3
